5342547359165212
9239976130620827
2278938806399796
5509401058975677
4305060187776235
5035762125459415
3324028422133616
7373796529374464
5990706938049836
2591569074965536
3762147809473636
5632988444815474
4732612088540875
7659913337672149
9083161697267117
1523666921740772
6270626469557436
3925298365441205
9044303269542937
0035685068777352
9786308931464257
1729520674210413
2683038816412183
9340862915125098
2120060797377218
8263555818762259
7181493522023924
0281123427918307
8694063611919764
0375745110240885
6813736989856243
6133209286983307
3618093901290179
2834228503391552
3854004394342955
4530528894939472
7984268418780002
3745113473239048
4909755821591847
8577293854899248
4822662006342502
4137245769590138
2628557550611049
0782155054675081
1124768463691369
2994935653109104
3732563704810366
8240546242840261
9973021912226739
0957665422453699
9777665469859989
8834087197893542
0756222220965101
0061488493893247
7239540997560013
2451723616981467
1034384160736943
1530031525953352
6847033932450068
2894340579095812
4245038207639425
1250867663517159
1173620785883814
7770838213198044
4827251765582103
5918350258599906
7050520712371006
8514450520201861
4872364161265799
9263324208592908
8132001904822730
6346237361272161
1708803444746662
6765273208435185
7991082362671212
6130342702026486
0741799182274353
0429581079142101
8188353615194095
8827624220938506
5968158620992318
4649718876145527
3180050977866785
2293564491200582
8322989003609920
6834558718626360
2901888624506535
6443290239075662
0622411043791842
3753882111806582
7358400300119243
0279071624811202
5306403222607471
7352874497617480
3242062703893896
4243765909611924
7493638629090475
6883650112121864
4558270749970982
9225442523045630
5108057766770391
2515657728339113
3858924778362309
8218586415327244
3434371171169198
4799089011745198
7184150832649950
1345901149797219
6337740924268263
6221517797882984
0067865733794801
7213939581780258
5067497340721656
1766558858445284
3811413618583282
0259888450882117
1290605214946991
9838312181366102
1280058018404441
4831979408534465
5326852685367899
1159154494630679
6774743936781093
4124608748192543
8910646026199416
7170585312557833
3431777523511296
3509177477960858
5812866317561441
3644494034569111
9976401541377939
8074447921818504
1127775073652502
6302124349557494
8027605553403181
1772752279137976
9627705064505983
7615930937088442
0697473971483910
5120193335860628
6234141909588262
7817861620154174
7139287203307123
4616314645396927
0436922594542722
6122155083160820
3092090222515606
5115560238680444
9494604006711212
7092604290264977
8148917600692465
5162384820340060
0493705654298259
4677862183830898
6430833813243383
6391481513190883
9289650617820560
3451134794633517
6527971985661996
8309720640669552
4956083758788367
3691230061913552
5921210690058406
4029746677511519
3434112509889438
0174881389877841
1756895777404187
9964874425732103
8409627374473525
4183276948524704
3705229119174252
4062180652159320
2171782600728348
2679536535027857
7972537025310236
4069096016693580
1495216809511536
2911172465511382
2169751971927037
8314891642965637
5295563566350138
5936682335701497
5539204512730161
3690263979816722
8194104388434526
6388210976465568
7640548709008824
2834749073743171
9330969192260139
6799776599317117
8102755896732025
5082419783043736
5932376949305694
7425333831962327
8758395845049687
4715827570119818
4347323013583602
0723630735882349
1535625984886402
4794575830567783
6852348890045723
9030707448549156
5823263921225640
9858509186988772
2983228894397657
6083442717799818
2195348221754328
7733681743453751
5790948729956103
6571787796365999
8940440883936877
4833934817984360
9490410798668023
4555578101519491
7564259060572565
0724755518057659
3153675190450359
6289602045034353
6169230167764260
6688097731576410
1188872756130669
8753324796035314
1932815341782242
1074454168866282
9426325176526626
5252110004117416
5308382458844172
9461621479902208
0573232425474758
2755716564792035
8436515676441851
1114421448032412
8563634195134747
7912902709071655
8432979041466377
9736797642776936
5360966938085363
1391268865451214
8701993434576006
6951686123297861
4019702672180078
6371527386043638
5478792772285991
8284377057354278
1230433358991861
3620084512865554
3256101990505457
3119178895918439
4421038317382813
5748979136074637
5315039052682104
7097425827494194
8584294285135417
