8843357145282291
5827627505892127
5389456670682050
5221863351791074
6665155835167558
3107924103069456
0035685068777352
5189180737206232
1314901111475602
5683293733841374
6223423587997333
7892320085096012
4254898091542687
9987263697355294
9246377287833779
7558531056409406
3911300468731477
6853382226977684
3413259037836385
6637306027529983
3177068002947527
3494982072959140
6419220260106427
6298207659237978
2797502202617114
5169162865311459
4101562077663619
8586494807446726
3423593927375231
7499608419617667
0979647639632335
4612673413387449
0942014519604427
8834087197893542
7507841142527331
5395774975535644
8573195327542061
2914643532111011
8102755896732025
8873149632621307
5291309702230117
2842691977953578
1397190485811267
7267507565320007
2423245969935715
7868828064676031
1309373274619373
1239408708471660
0957665422453699
6438374644753396
0918230852307211
6853427939982300
5509861514896982
1644271814596941
7366807766543442
1101341437463729
7615714763847868
3076174661624449
6823581294382553
3526964931609975
9904070947832545
1789196918994788
0309157540839329
0403363004900374
2387431254472136
8231471391500358
7881987532843700
1048504721932307
2734203117778600
7520248542757602
7961149719224268
2716909012512069
7043118782881855
7997085805584388
2486121889068339
7760594994793832
6457381398342917
7633115237379209
3638025215373426
9760251819560805
5996181459466951
1203357643381228
2202100561413773
3439967351789116
3049512216393338
4910241356954777
4420879609589760
9113060409301609
1405100203133067
9753423351398790
3009090682425019
5823693783449791
5029704662813380
9746253467394955
6508618435773438
1381105054474728
2406867656111498
7611559630126226
2150105542661226
2381802193180578
4200349501324526
6156657605262618
8038166896879447
8043286825467803
9913529831985105
1805307635564032
7767720735788659
4161224121702430
4813544310376058
9162508978945887
7801833255752802
5074821829802763
6158036609486608
5322192969141529
3975007108450559
2794888963106382
8156661128066350
5777699053894782
9906430445327093
9396403739008267
0598463721997774
8780105727404133
7358400300119243
2711675707331844
0859504844227534
1371577276483858
2990561169032274
5334131860888930
5161660188380421
4384755600168465
9305671671519068
9965398009651936
0216519915668667
1642083834158700
8248342079629374
7480418100713613
1613425384707591
4974461002008809
7437976888724293
6760789832926234
4510097981881186
6269535109558013
9208665857677299
2901888624506535
4634684070861632
7732407650135099
6309436191619392
6033516785481779
7979063304544915
0874491319279428
8060514879935984
5333250355049814
7947299462681693
2195348221754328
7838446217897233
2835029061696580
5859772357477134
1958690595894594
3425817209646054
0466799995060671
6508095136607048
6900483130650896
9780352439410885
5339226046436113
6165304398755510
1481276383743867
1179525448575089
5190074256754373
9806548647159907
7179720346302573
3177694073540758
1539031724189300
0392355990101557
2795152154659933
6640232793768858
4558270749970982
5918350258599906
6713526551328329
4701106739838171
1947326193452969
7659443408776211
7694622713378423
5421965627684351
9395881112357637
0448980118528732
5382295294866944
6338258664965964
7349950103979107
8115160528911145
0108190685018320
6347400432232688
9669639868938103
7000508951288786
6102536293896338
2121686219033754
6641904883344974
5957012058055684
3876752605313288
0451310772113076
0514228518147484
7343119567692694
3361913845637197
4062180652159320
4581537476491370
2268580664900763
3952202974431360
7828878624890195
3431777523511296
7119339879822656
0332057573470620
3733816648743900
5342547359165212
5649236321441309
4881985346615116
4999713109630711
3129798508009056
6666089513761587
0602658985169124
1690166486230851
6327703613785635
5980358582447488
8173378726733122
0608337674042057
2444930519599617
3672547273353904
0429581079142101
2401618350456850
0326321170602739
8647922327100953
9270089300834737
