3082697882570018
4754986418907365
6453091384982419
0475414808099577
4304896488909642
1740389969662640
7159756327114350
7431635589568808
5479961385636219
6596668073156617
0324062698138486
7083340960201058
4460497933293467
9324875656399064
8629264032561327
8899310119040234
2800284440278359
8444049750045998
1193217044411884
6881438429457157
1298233639496832
3705381782937920
1636361552248828
1063394358717854
8758651495157869
2045281406939713
8244055079402116
7433265293932305
7458825786380786
1666490085019818
9246879554920774
2257137656357636
5121987889047234
1846996596566833
1910004746514086
1958865134432296
3906913063084220
5789754362800123
3212554947885212
6408703508331187
2175446698070579
0237223107725054
2912105101706414
7053426037771460
1683146516050741
6535317797882669
5891515058796038
2885714064854451
6213575156024605
7906603173916075
7143903404972931
1377737274047962
7567273289451194
6516064880031804
2217949943647601
9304963655988085
8335540533413025
0117738565590122
9998534861537706
5249429182229900
5886956823665889
5912367932152735
8263948217533597
2296601386905935
3702309361932497
0962359014791482
4241281227925915
9443157788202585
6807552446184730
3909180953451579
4729992860551883
8098214758215178
6505881046067958
6189339614488552
6636371751614312
3933331339816537
9348932103685382
5770791208849986
8741012917016773
8265116967095452
2113710302935708
9186076680783931
3880305120359632
5651723181683352
2755662420057971
4923075401220906
6395348780321180
9393213180145144
0261961257446579
8484782693209031
3128218938439663
3791152501555452
6108833643450559
1535625984886402
8976306450816308
4918605781599309
8618494924305058
5653559772140199
9116864917971678
6568356253988697
2976870060878998
8432979041466377
1238705827399587
3967249729964010
4098098876460779
4526538430049074
2276051145668551
8897773821703545
3505246008188178
6715272307281643
9763429763229940
6901877100735642
8214476768978726
2293684910694713
7234726629069856
8882421599534233
9821585244827807
4581537476491370
7486689110603841
2032317380293711
8366139801463833
8772511485766191
3751378355325825
0807911743415172
7346061836344636
1530031525953352
1469348520281872
8267128111208692
6803748367761028
5957462549313265
0960639462723559
3708274718117411
0424118770196727
0385508203904821
4799089011745198
2493393738513929
3683841585212260
4380012729471796
7005067701678789
6054241254043532
0969811763922249
6011242357745717
8198945199281307
1714901920795713
2858308380912191
9176230219066879
7981639123946664
6136249880386507
4029511804603340
7146451110689829
0756222220965101
6346237361272161
8312936087083170
7425333831962327
1228095520138716
4157530204814295
6159093393030461
0083551905883357
9647176058610268
7777119607530651
9124715219673779
7125604047667522
9866858833240787
9803419937796467
5628609385914930
2393241443461961
8685795545223137
5860088594236271
3088917031121064
4338164586147110
1146514655934224
9770069078554162
7807968648268753
2521717225952435
1398089395234237
8109474331855374
9705001233749286
3730963550983238
9786308931464257
9193053770723688
7185441234763108
0398043709289958
