1166082273118561
1765053492320597
1977910283884795
4378487647374583
8833587136912996
5308514505643470
6041637213975574
0827064443545671
1925460616685386
9720543173024911
0968312399356077
3097987679294992
1050772638134687
1576623261329113
8812032475104153
9667554483949933
1474551536543311
0730233826141181
3988010684043477
2117484495394739
1594655828470538
3277197314502946
4847427907053853
8375237914547636
3740681990984284
9869739166850881
3719875208977711
0615906508566030
8478598154012947
6982180515064432
6648275704874653
5872452421144865
3753762329964567
5363817333961301
7500345070314843
6293629435577521
7789919599029387
5247867999547107
3494737393160672
8577409418246025
8115891974292136
8559694284758206
8991595196819905
2030093746344243
4589310656922886
4378611093839284
4796723835016685
4836441146837696
5404696414918481
0023010302334407
4980149933999236
2359302952334811
2268213742634853
2917024636534345
4955013015355521
6239079868743666
6104330633473191
9263797728130316
9693260134735590
9568290422386369
7806736909195855
6775248941851933
0735864243723534
5855260804080050
0757849854011302
3230204157656121
0421567363320378
7616730871226769
6542647661746538
1927157893322384
7611255279256354
2795152154659933
4113210933645143
9597961120126145
7444449891704854
6765405928900258
3998471745530201
4017666206901503
0091700607935386
6411412202303140
9280378827093930
0040733654077033
7143903404972931
4947591243982357
5650052112742310
4277805678861544
9553323591291948
7705997699441702
5233854244313683
8827860965964596
6532658354880159
9563294230737073
4516049268325580
6514019905550237
8930167171283194
1507724833376587
4726822007000628
9418311799417480
9860309373189150
9114863442520568
3220252884979894
8892424598777271
8032622593726553
8660257545492155
3187086833192333
7579366556459919
2224179573600183
1862525246198148
4485232173307692
6876954243774464
5862080409520795
9091096622830762
3778231559723200
1615777788026524
5072554913663804
6307132797544251
6423853577820958
1642179654847204
3329288216605766
9186114957390397
6798603572637621
0684704531066899
7885027624873201
1702894927029132
9648583745536616
7778808512682713
5185380993651935
1901605684390187
9200779090694284
9243256514162680
7248126740420735
5205355303433030
5463032102993119
2358264012961607
4963703327914552
3089829560194343
5707668618318378
4099992332439295
8677093194377784
9380708907565481
2022556504178517
6078807757550221
1409535701037658
5516557833070614
3082768840108816
4033948977081775
2490410060083210
5798978199879635
2009649330912680
7581179241493847
5899301843270690
3324903610956911
4400597671073289
6769041729814040
4878773771779475
1118387836516000
1128875156654825
1964633061873137
2136263841685333
8603656254260058
2516576013145736
7437392430821232
2502752385941894
8141365829765861
0752757932530353
7079384041018545
3749421379531019
7018424676087673
3638580325314825
2669979608734253
1251756175878072
5250655473775276
2772514588672749
5333619263344679
0040216513274946
5072053370557300
8409495775520342
5487024766818655
2023966944059007
4189295042452595
1380132748243477
6083484672796020
2848841138867686
2611655713418600
2597876374325361
9714394540731012
9457187161206773
4803594791585565
7542215084868747
5339107806669913
4161447860709441
0775626472326331
5100882902316977
5065261851012464
3513882369776389
8955148328244946
6917189940573959
2373996290488314
9353866865472022
2588406543473184
9586202338810452
0733800083640381
6198396030137264
8851883472629670
2672689467370762
3738659013948525
6505881046067958
4819009378941531
6508346152048330
0509437887301504
4695253173194100
6246638113913607
9488003400451530
7194632692616046
7165503169544767
0068280690051665
5515637339275988
6453091384982419
7250703550298010
1662396104063661
7308835024582083
2932353834311236
4326109448379822
1179884539463385
7363625374110091
8717562183296254
9183198199283979
6371448830996495
2672736578186109
1780743704368286
9148835457633608
9059584066386302
0615957559170622
7827678924719094
4058039952421705
2199648331239187
7831421520563898
1632725814203361
7513207842585889
0371656486261401
1690404288743422
3107775037391713
1542480460084518
1391048714535049
1492539931870375
9750788125318767
5079520135167362
0051961566721720
2397355224986478
4725206465005998
3013921866070769
5798659856200329
7447966582100599
1260681290337150
2474096401116278
6232915641401989
4859463113396136
3175678918094240
2813762567024157
6274999242866961
6244932365201904
4302834131213007
9554996599011871
3187440901132148
9330322803478604
0307094736395691
6151185710097818
1927953934134813
2187503427859845
3304860664095217
3939675097518536
5192867315607387
9522289039546967
9064154111236689
4917812788962543
6897277608755605
0361040241125214
0181240977859827
1163507899273089
9415448905437513
6242872122929189
3126813039658856
4563097677095912
2524637950021251
0875612111399483
9224031120140216
8271263203866466
0793203959625314
3734148703814799
9562080647689316
6853873993357538
2054974730445323
7732686629308782
0768760617808822
2471182763547720
5362855956245676
6249103314811030
1690222566666566
9674843691817678
7928487134916005
5614296363281466
2265577137474794
3077272822321134
2477018974584848
4515924584428591
4610212134813343
8194857222185695
4163686476790865
6996390020394266
