5498036360601584
7834697572852953
2006955162455558
1644854912506311
0106547085848460
9579012777524342
6785547194105600
0516941410000104
3035239880714524
4626724679640182
3870300970951275
4999497203716488
4703015447173949
0300528206154701
7978340396220660
7412357559770817
4477427323422726
4940933921005830
7662796111326087
1898710476426863
9527193250756102
5722721476354670
8496716957724133
7941454704661376
5715057849857173
7894554599919972
2518489160711243
9191548792443062
9081715996049817
3829032856704861
0064806724429817
5550971865158975
3823583122860034
4585272413204502
4741808544990010
6051119709973075
3760467350102703
5605590098640584
2401818255539744
9836600520728479
3094614769262212
7669967284860729
0686934471469650
