0.0 0.0 0.4474358974358974 0.0 0.31153846153846154 0.10512820512820514 0.007692307692307693 0.015384615384615385 0.0 0.0 0.019230769230769232 0.0 0.007692307692307693 0.0 0.08589743589743591 
0.0 0.0 0.0 0.0 0.0 0.0 0.0 0.0 0.0 0.0 0.0 0.0 0.0 0.0 0.0 
0.37770562770562777 0.0 0.0 0.0 0.1980519480519481 0.2575757575757576 0.058441558441558454 0.0 0.0 0.0 0.016233766233766236 0.0 0.08441558441558443 0.0 0.007575757575757576 
0.0 0.0 0.0 0.0 0.0 0.0 0.0 0.0 0.0 0.0 0.0 0.0 0.0 0.0 0.0 
0.5625 0.0 0.4236111111111111 0.0 0.0 0.0 0.0 0.0 0.0 0.0 0.006944444444444444 0.0 0.0 0.0 0.006944444444444444 
0.23563218390804602 0.0 0.6839080459770115 0.0 0.0 0.0 0.0 0.0 0.0 0.0 0.0 0.0 0.06896551724137932 0.0 0.01149425287356322 
0.1 0.0 0.9 0.0 0.0 0.0 0.0 0.0 0.0 0.0 0.0 0.0 0.0 0.0 0.0 
0.09090909090909091 0.0 0.0 0.0 0.0 0.0 0.0 0.0 0.09090909090909091 0.0 0.0 0.0 0.0 0.8181818181818182 0.0 
0.0 0.0 0.0 0.0 0.0 0.0 0.0 1.0 0.0 0.0 0.0 0.0 0.0 0.0 0.0 
0.0 0.0 0.0 0.0 0.0 0.0 0.0 0.0 0.0 0.0 0.0 1.0 0.0 0.0 0.0 
0.4166666666666667 0.0 0.4166666666666667 0.0 0.08333333333333333 0.0 0.0 0.0 0.0 0.0 0.0 0.0 0.0 0.0 0.08333333333333333 
0.0 0.0 0.0 0.0 0.0 0.0 0.0 0.0 0.0 1.0 0.0 0.0 0.0 0.0 0.0 
0.05555555555555555 0.0 0.7222222222222222 0.0 0.0 0.2222222222222222 0.0 0.0 0.0 0.0 0.0 0.0 0.0 0.0 0.0 
0.0 0.0 0.0 0.0 0.0 0.0 0.0 1.0 0.0 0.0 0.0 0.0 0.0 0.0 0.0 
0.7976190476190477 0.0 0.08333333333333333 0.0 0.03571428571428571 0.047619047619047616 0.0 0.0 0.0 0.0 0.03571428571428571 0.0 0.0 0.0 0.0 
