5970082864547230
5042847933390355
0429581079142101
0623526904325926
5336975934473060
1626723325907340
4251174810000113
0050530007780537
8321796631800718
5342547359165212
5657478734659332
5115619055593854
0814992215254482
2031656531545882
1905711299836661
1723279887969163
3672437413599685
0845421586641237
1379682125857376
9817271495610714
4827251765582103
0759831827634036
3179560949687613
3706106054366883
9214879534215945
8381181689571420
5921210690058406
2811263859126204
7373796529374464
2057133307853238
2413267462841433
6516064880031804
3753882111806582
5478792772285991
2866573543134843
6298775450874291
6031149818860665
2283589582077181
1584302888502091
2514996973347100
0808991927126468
8218586415327244
0493705654298259
6580445674881860
6920428131714639
7928208403989434
7659913337672149
3611312975264556
5080819854251237
6541499047418079
0724755518057659
8303024543041443
4993204839198672
6014473530559389
7794382045548190
0795292425372812
7100351444916623
1141170891615232
9720274214573371
9371597807489520
1074454168866282
0632912481397728
1114421448032412
0256137787866684
0107852492367442
6528662364512945
1435227207179790
3858924778362309
4137245769590138
6716019534474825
1174905383146257
6966978781439168
3135081161167616
0035685068777352
7438601088324262
0176086215811077
8240546242840261
4907808183266433
1200261539999790
0899995091619346
0241179746228711
4026858447883658
9504755418661506
5998337634888263
0789733989257294
4780578564931728
6152004648193258
5641638678308836
9330969192260139
0649095548777401
1572033392863945
3644584517452341
9257945961345588
4046398304262669
2479936260787491
3952202974431360
4809936850232418
4141564972275445
8702045345660264
6723824309330493
6820690697107106
5571727582298653
7024832447508523
2259076244255313
0701679734111287
0158798977303335
3923033882753088
9618572624201461
2293564491200582
9717916074631230
3096685020723658
0705064905373247
3525010684893831
3618691030393718
3153675190450359
5600708820877220
9804351744503274
6710506904906865
5136172181661666
0834668419587001
0308081434030787
7986883288512102
6526157510240251
0584086832551726
1729520674210413
2779109234901552
8976306450816308
8604609987683402
2554509868510718
3295370571334215
5850787979511271
3464810678760688
7032806488934374
4963218454931780
1833746881496736
5354672259947905
5505402632048385
0316872375852250
0234920940703210
0765241623837363
6221517797882984
4486125285900563
8411685341334717
1681426784961393
2370786724924371
7425333831962327
3856554957880380
1127775073652502
0281834660891592
6721441488482076
6974857719805093
1772752279137976
5269711866444667
9186076680783931
1505400360366643
3451134794633517
9766903821154278
7885998850178289
0630926444038322
4787473374325220
9809067210967192
9476567276547148
0550398155784631
3644494034569111
4016427560803565
2495703025701553
8432979041466377
6820664435188528
7331185017499026
1470246355592742
8332048666190385
7564259060572565
8102755896732025
5778518594595738
3114111479745705
4226749999424865
9646799989531481
2994935653109104
5159242293050281
3854004394342955
4546701843297248
8522084015224661
4193402330362099
5033930756866717
0104012726640335
4347323013583602
5162384820340060
1554333812080308
0692713353762468
0776073519691539
9856476257472855
3509883977768534
6160006885404806
6436639241789288
7588733842958919
9050729757066272
4062180652159320
0281610274833742
3925298365441205
2901888624506535
0295953435329610
9231820567606047
1262160817438979
8026555900373807
1087619912727132
6546842202237520
7352874497617480
5431203157672972
9956303513828523
1159154494630679
9380119916150863
4703181040916099
3832620216883550
4071942459412262
7102828281487633
5306403222607471
9964874425732103
6280037457340652
0214528880301310
8683316892414157
7101568985428587
2159416790334932
7463324178224223
7999741482353508
8741124364246075
9369277271787128
0697473971483910
2328847377536421
7025690207258021
1900699484183613
6654974812569635
3148542642304707
0159911069166581
2003461080025290
6529823743245345
3429910666709013
8959671945897906
5995816876778042
6356434063521758
3509177477960858
3620788085564035
7488947137531256
8140494122257511
0003899410308014
2839735348870197
8548712874557788
8777975593184455
3872457414374904
5811380100727537
4480605521956487
3444129592454266
2812374302014326
9814026415075608
8644354294696178
6443290239075662
1523666921740772
2123249872221371
9461621479902208
9838312181366102
0299258047786568
1858620455324610
3206339129369204
1560343364131169
8568010039715375
9606094087435023
2255373096996741
7557747681368877
2120060797377218
4780186194447993
7703659740618915
4731362243079474
0032876104097296
3550022124163158
4382375440812889
3346728024391774
9585282543022551
9619857537935351
4974948773862170
0751445618187274
1248014510344528
8903118201027369
8173179295376488
0866183990911407
8305119564170062
1507881536646352
0723630735882349
3134838655531238
2318820439786821
1982252146006688
0957665422453699
8181788948588711
7251598207534325
7593996891211547
5315039052682104
6527971985661996
1343590649487410
9768811534147426
4949457063074697
1381066386437549
3310676280783039
2515657728339113
8263555818762259
5062725349771743
6876593588999622
8317605349425304
8419978758760463
1230433358991861
2780909670775498
4733888795822361
0456936032806226
6443913516649553
8834087197893542
7760219759813661
4909755821591847
5125385801750761
0667595639623212
1639776120503990
1153318918143275
9464204067368937
5308382458844172
4550627569914128
9597005238481625
7693852540625259
3897693315206213
2046473694108264
9388240356937546
0957577806208187
2617047547873610
4935064320251301
9703610317392144
4581537476491370
2285492734905080
9778260600287523
1960968397477877
9340862915125098
7984268418780002
0190923773022708
2974319270935111
7211415053407035
8630822520302072
9257188178085094
4263468711432339
3732563704810366
4709226576623920
6757715440030373
6130029713135764
7969364939357622
2174542340618869
4616314645396927
4066112058866171
6133209286983307
5925280745485828
5137150714995708
6913799864277174
4590764128651556
4120411811584664
3924543853455389
9002619114161319
8910646026199416
1445165723168386
6276900904765322
2938841071478743
7892882973970151
3434371171169198
4438399441102990
1850072107748455
4901431784095452
6291434664742280
4933022274560322
3431777523511296
0612085923840406
7239540997560013
0381402687491195
1188872756130669
6309436191619392
7927877224326837
7075471763804755
0568772091161890
2288114070031007
0268737424253522
8194104388434526
3603631937933639
2206069579343853
7624243404083535
8424090424966633
0998929719170841
8789110916123550
0741799182274353
7355743129213406
3656353579832157
9101516032931768
7508414375695383
5767899024347177
2392406298045396
4452650152311645
2983228894397657
5513978376671756
9197210255594409
8061116877185683
6495595015806373
3434112509889438
0457632122660653
9558308121632441
1325229482903781
3867784761071094
8462136188746811
4866000939284287
5292067792935747
8178771736139529
0737208711013327
7747082409876496
9426325176526626
4736090049954811
5120193335860628
9836993435145470
9769007335353602
1743457470942531
3180605127656954
1810742979114260
1305553577433058
7289264796657969
4136352953168873
1420891678942658
5923938048634505
8940440883936877
3367851356455715
2804074132459564
8343927759839294
0016997966752726
4247971448700418
7656931991723109
8008266182700826
9695542424889786
4677862183830898
8548104968768314
3368639921194981
9907905714878969
1530031525953352
6578657422267764
3820562952937690
3214655794405009
9938146401602164
4649718876145527
7484031579135586
3676462220401452
7869709047931585
9638894751959867
6889542537951741
0067865733794801
3278528112652257
6050977355967432
2434358802487961
2504445010542631
0523324471754771
4022836598139408
7170585312557833
5591867184048691
0388203892985812
1803278309321485
4831979408534465
8568276020366463
0269816277533872
9933650905615452
6131611636762968
3242062703893896
7358400300119243
7010012819835496
8220209819669257
0787346199237325
5968158620992318
0577968669754603
6234103662339017
7057387874580669
8625874197256019
8794615124806230
7409321531977750
2478051365107560
2577657690021566
1602653870311562
1322867469168117
2710487912428155
2463228129218635
1561654037297839
7459851068586682
0708957877089759
6930037854782794
5829342541857197
6130342702026486
0467631857202548
1622593528670181
7050520712371006
1748201722996439
1888388248956790
4558270749970982
7948231231579656
4796007900701417
1140012060761818
4142142120202605
7701001543511559
6868423702339380
9046712519185233
9668291432330877
4239299018473823
0723689903720938
1247084092385029
9346462712672265
1283081812633332
8654965462626216
7823731016571209
9053222692805984
3551253565698599
5440763541283583
3675568047089505
7493638629090475
1535625984886402
0671740570551305
5932376949305694
9155451674638457
1435414547926102
0913156373807120
8409627374473525
7269967957109739
1241364723966060
8155138694935744
6477941840638711
8777992896280806
7682630378804541
9613795097580238
0301671834066522
4943655471147347
4530528894939472
3430484825332979
0003431370671298
2195348221754328
5394512188939962
4866170062696360
9357386686835876
4574411702202346
6415377512088346
3180050977866785
2471385005173941
0551336831444331
6453091384982419
9702503531598694
6320803631314170
1613878711251821
1362089895548709
2263515691905219
9907933151776425
1146699760246018
9803419937796467
7000002745065879
7829986341862797
9131212914993459
2888354825115772
4951849960567559
7202891297011849
6140458335560178
3498083358738643
7991082362671212
5761360948515271
2836191867766633
5366737336505241
5617131826091718
9643397900925253
4862542888649211
1739702914949735
7591460969135629
9095874706106615
7106567615656883
8188353615194095
1006133595610307
0782155054675081
0783231483314728
4122608781401628
4055079165002493
0122192880938892
0060995911027838
0448110648723417
3804524008866585
6840331067743251
3015436043941704
5478116068552992
4360873591646028
7637969345259917
0209349723110764
2430552009733935
7222971509190167
5678275815622673
7213939581780258
4067015829295547
3303723922517757
5918350258599906
0004405929946327
9107778908448006
1240875990317574
5046825191910580
8935363911640455
2780365724645818
4183276948524704
7181493522023924
2058347369890530
2171828464199433
1812806190521028
