0.0 0.32142857142857145 0.017857142857142856 0.6607142857142857 0.0 0.0 0.0 0.0 0.0 0.0 0.0 0.0 
0.25 0.0 0.05555555555555555 0.0 0.625 0.013888888888888888 0.0 0.0 0.05555555555555555 0.0 0.0 0.0 
0.125 0.5 0.0 0.125 0.25 0.0 0.0 0.0 0.0 0.0 0.0 0.0 
0.6851851851851852 0.0 0.018518518518518517 0.0 0.0 0.037037037037037035 0.14814814814814814 0.1111111111111111 0.0 0.0 0.0 0.0 
0.0 0.9 0.04 0.0 0.0 0.02 0.04 0.0 0.0 0.0 0.0 0.0 
0.0 0.25 0.0 0.5 0.25 0.0 0.0 0.0 0.0 0.0 0.0 0.0 
0.0 0.0 0.0 0.8 0.2 0.0 0.0 0.0 0.0 0.0 0.0 0.0 
0.0 0.0 0.0 1.0 0.0 0.0 0.0 0.0 0.0 0.0 0.0 0.0 
0.0 1.0 0.0 0.0 0.0 0.0 0.0 0.0 0.0 0.0 0.0 0.0 
0.0 0.0 0.0 0.0 0.0 0.0 0.0 0.0 0.0 0.0 0.0 1.0 
0.0 0.0 0.0 0.0 0.0 0.0 0.0 0.0 0.0 0.0 0.0 1.0 
0.0 0.0 0.0 0.0 0.0 0.0 0.0 0.0 0.0 0.6666666666666666 0.3333333333333333 0.0 
