3819068946086008
6108833643450559
9186076680783931
2912105101706414
8899310119040234
8882421599534233
9647176058610268
2782686105523364
0570082225127827
4526538430049074
7906603173916075
8758651495157869
7431635589568808
0785332766438082
2521717225952435
5249429182229900
9763429763229940
9443157788202585
6535317797882669
3702309361932497
9348932103685382
0385508203904821
1469348520281872
6054241254043532
7053426037771460
1247314539789937
5860088594236271
2293684910694713
6136249880386507
9304963655988085
9096272786070977
4754986418907365
0807911743415172
6408703508331187
7807968648268753
1714901920795713
2296601386905935
2260075844106977
5080819854251237
4157530204814295
2045281406939713
6346237361272161
7425333831962327
3505246008188178
2493393738513929
6124039587776467
6596668073156617
8897773821703545
6881438429457157
5886956823665889
1530031525953352
1298233639496832
1636361552248828
8214476768978726
9220568701203441
7159756327114350
5770791208849986
0083551905883357
9324875656399064
2113710302935708
9770069078554162
3088917031121064
2393241443461961
2196414241004695
8685795545223137
6213575156024605
7346061836344636
8312936087083170
5912367932152735
4241281227925915
0969811763922249
0962359014791482
6803748367761028
1193217044411884
2110194904901751
6343785110036845
2976870060878998
3967249729964010
8267128111208692
4274127161117543
8366139801463833
2276051145668551
3730963550983238
3751378355325825
4338164586147110
9445730779415218
9803419937796467
5957462549313265
2755662420057971
1543451677863790
4380012729471796
0756222220965101
7146451110689829
1666490085019818
5479961385636219
3933331339816537
5485990810277162
7234726629069856
8484782693209031
6971504594383453
9246879554920774
6505881046067958
0398043709289958
2032317380293711
7005067701678789
2175446698070579
7486689110603841
8335540533413025
1228095520138716
5789754362800123
1238705827399587
3104903504034600
6812635845529585
2767494720646648
4460497933293467
5651723181683352
8456614622284819
9124715219673779
1063394358717854
1614872930046854
6715272307281643
3906913063084220
0324062698138486
7433265293932305
3128218938439663
1846996596566833
8198945199281307
8432979041466377
3262036759491294
0117738565590122
1958865134432296
4799089011745198
4923075401220906
1910004746514086
3909180953451579
3727908182662003
5318861326059698
2858308380912191
5628609385914930
6174825782956064
9333050069135081
7777119607530651
5121987889047234
5160362838369961
0067281135180613
3694625045276063
3509130245153265
5891515058796038
5653559772140199
9377772041367252
3212554947885212
3082697882570018
0931602554480652
7121931064469117
6395348780321180
1377737274047962
4581537476491370
7185441234763108
3683841585212260
0261961257446579
6261405530940863
7750442248816222
7567273289451194
2800284440278359
3845261787594038
8244055079402116
6011242357745717
5722715501415634
2217949943647601
4918605781599309
3791152501555452
6807552446184730
3708274718117411
6159093393030461
2885714064854451
9866858833240787
1683146516050741
3357905883226959
8098214758215178
6049495492341242
8109474331855374
7981639123946664
9176230219066879
1146514655934224
9108383397996236
9705001233749286
3880305120359632
8444049750045998
1541690930832179
7125604047667522
6901877100735642
8772511485766191
6189339614488552
8741012917016773
9998534861537706
5088907147180318
2999905098847911
6453091384982419
4816515866712611
9320368429325482
2257137656357636
6568356253988697
9193053770723688
9173031583799072
4029511804603340
6712127307223557
7458825786380786
3705381782937920
1535625984886402
0237223107725054
8618494924305058
0475414808099577
0424118770196727
9116864917971678
8263948217533597
7083340960201058
6636371751614312
7572795941731427
9821585244827807
2867664802722518
9786308931464257
7900381645698082
0960639462723559
6516064880031804
4304896488909642
7143903404972931
8629264032561327
8976306450816308
