0.0 9.0 0.5 18.5 0.0 0.0 0.0 0.0 0.0 0.0 0.0 0.0 
9.0 0.0 2.0 0.0 22.5 0.5 0.0 0.0 2.0 0.0 0.0 0.0 
0.5 2.0 0.0 0.5 1.0 0.0 0.0 0.0 0.0 0.0 0.0 0.0 
18.5 0.0 0.5 0.0 0.0 1.0 4.0 3.0 0.0 0.0 0.0 0.0 
0.0 22.5 1.0 0.0 0.0 0.5 1.0 0.0 0.0 0.0 0.0 0.0 
0.0 0.5 0.0 1.0 0.5 0.0 0.0 0.0 0.0 0.0 0.0 0.0 
0.0 0.0 0.0 4.0 1.0 0.0 0.0 0.0 0.0 0.0 0.0 0.0 
0.0 0.0 0.0 3.0 0.0 0.0 0.0 0.0 0.0 0.0 0.0 0.0 
0.0 2.0 0.0 0.0 0.0 0.0 0.0 0.0 0.0 0.0 0.0 0.0 
0.0 0.0 0.0 0.0 0.0 0.0 0.0 0.0 0.0 0.0 0.0 2.0 
0.0 0.0 0.0 0.0 0.0 0.0 0.0 0.0 0.0 0.0 0.0 1.0 
0.0 0.0 0.0 0.0 0.0 0.0 0.0 0.0 0.0 2.0 1.0 0.0 
