8132001904822730
9263797728130316
7903615974752427
7125604047667522
3791152501555452
5755346260402122
5839043594908917
4803594791585565
8102755896732025
5326852685367899
1250867663517159
5968158620992318
3256101990505457
3084890968061662
8582867831317500
7146451110689829
8263948217533597
7179720346302573
1729520674210413
3092090222515606
0963588859777460
5252110004117416
7352874497617480
5619667787620752
4344589799192534
3123518117881050
0067281135180613
5860088594236271
8139095662827864
9998534861537706
1635688279204731
9460305407798910
7425333831962327
4305060187776235
2679536535027857
8834087197893542
4831979408534465
9490410798668023
3620084512865554
7877747460307517
5040658517432017
4816515866712611
9340862915125098
2257137656357636
5539204512730161
4827251765582103
4186935560124866
5614296363281466
8940440883936877
1560343364131169
4616314645396927
3672437413599685
4326109448379822
2734203117778600
1740389969662640
5912367932152735
6221517797882984
1280058018404441
1188872756130669
3708274718117411
6715272307281643
0493705654298259
5482561647049500
5425237044575885
4029511804603340
9426325176526626
4530528894939472
3683841585212260
9803419937796467
6684755558240337
6054241254043532
5820386011354891
5235773649631919
4380012729471796
4715827570119818
0717367953543712
5342547359165212
2827325360244042
1766558858445284
1377737274047962
8432979041466377
3618093901290179
6688097731576410
1772752279137976
9786308931464257
8741012917016773
5100882902316977
1238705827399587
0046116620157887
8286075130503114
5437247883737950
3153675190450359
6568356253988697
1322867469168117
1714901920795713
9627705064505983
2276051145668551
7821878835036266
5215683584958094
7097425827494194
5108057766770391
5802743461244907
1481276383743867
3924543853455389
4338164586147110
7346061836344636
4526538430049074
3749421379531019
8910557213253128
1535625984886402
6234141909588262
1397190485811267
0807911743415172
2293684910694713
8027605553403181
3745113473239048
4304896488909642
1910004746514086
0724755518057659
3819068946086008
2296601386905935
8869594875872295
9806548647159907
1332423874353554
0035685068777352
3880305120359632
8456614622284819
4157530204814295
3952202974431360
3434112509889438
7143903404972931
1345901149797219
3505246008188178
1228095520138716
7659913337672149
9193053770723688
3128218938439663
6415341988938115
9821585244827807
5823693783449791
9461621479902208
1312419546878025
0969811763922249
0697473971483910
3967249729964010
4822662006342502
0694401174796400
5315039052682104
8148917600692465
5479961385636219
8109474331855374
2463424367832163
0640997586726641
7170585312557833
4150874218905523
2614578988328870
6274999242866961
2196414241004695
8023294344647435
3694625045276063
8218586415327244
6455337728419622
6702867386211399
9752753965948564
2171782600728348
3644494034569111
7912902709071655
0117738565590122
9280378827093930
0403363004900374
6371527386043638
0034030372199818
8897773821703545
3097987679294992
2912105101706414
9304963655988085
1666490085019818
3027347445652264
9108383397996236
7181493522023924
1127775073652502
2019448857205643
6807552446184730
9763429763229940
4799089011745198
3925298365441205
4019702672180078
6136249880386507
3242062703893896
4581537476491370
3082697882570018
5696172216123869
8263555818762259
9124715219673779
7079384041018545
2473003981743849
1945447546918726
1554722460388346
7671363578256554
4754986418907365
4649718876145527
2202100561413773
7050520712371006
4460497933293467
1846996596566833
0782155054675081
2911172465511382
4361220072322558
6571787796365999
1159154494630679
2797840629976507
6883650112121864
9116864917971678
6130342702026486
1310330487165505
7083340960201058
9668050791898462
3762147809473636
5221863351791074
3505584601106640
4446027976620960
9399008340634804
3876752605313288
0259888450882117
7151015540719918
5189180737206232
4654251951434427
1290605214946991
9395881112357637
2045281406939713
9599066478340811
9246879554920774
5605590098640584
5968244801228229
6011242357745717
5891515058796038
4144630572229618
5918350258599906
7615930937088442
6159093393030461
9196386299886990
0261961257446579
6430833813243383
3478230611350302
7984268418780002
2976870060878998
4124608748192543
6395348780321180
0570082225127827
2609654784637427
2917024636534345
1038437165007849
4062180652159320
9746253467394955
7838446217897233
9214879534215945
3909180953451579
3730963550983238
5852409796882171
4909755821591847
1391268865451214
7493638629090475
6675251190520162
7416526225245942
6516064880031804
5478792772285991
9705001233749286
2885714064854451
1193217044411884
9838312181366102
5932376949305694
7572795941731427
7121931064469117
7904227795652627
9320368429325482
5689902631903063
7279063146008344
0309157540839329
2175446698070579
4347323013583602
3434371171169198
5171007732651311
5318861326059698
8772511485766191
1200849593735259
3705381782937920
4313455598047828
0466799995060671
0651805946054722
3933331339816537
3998878800345082
6535317797882669
4695094803653501
0436922594542722
2669979608734253
8713770387750524
3906913063084220
7960881781532698
2858308380912191
1573586928647131
6593952657486300
2169751971927037
5236758856687873
9735880571976278
5823263921225640
5886956823665889
7991082362671212
9801659268600510
6083442717799818
3013921866070769
2195348221754328
0957665422453699
0424118770196727
9330969192260139
3691230061913552
4243765909611924
7166279400544764
8198945199281307
6438374644753396
7445031966618983
0723630735882349
9647176058610268
1756895777404187
9454054374479016
4098098876460779
8899310119040234
7740838143777714
6653223814715498
1173620785883814
6346237361272161
0246431626397845
8976306450816308
3509177477960858
9736797642776936
3690263979816722
2795152154659933
8928414093493138
2032317380293711
7053426037771460
9348932103685382
8267128111208692
9418311799417480
8851883472629670
6803748367761028
6812635845529585
9770069078554162
3212554947885212
9380708907565481
0349581457615451
1114421448032412
1530031525953352
0385508203904821
4183276948524704
0067865733794801
7000508951288786
8685795545223137
1469348520281872
7079202837435379
7531478549178568
7358400300119243
7213939581780258
0237223107725054
2835864951583089
1063394358717854
1264392056208305
4558270749970982
5012692005739995
2287316756049448
9700001213434251
2683038816412183
8484782693209031
9906430445327093
1074454168866282
9239976130620827
8629264032561327
2914643532111011
7564259060572565
0591884939501206
7817861620154174
9866858833240787
2113710302935708
7159756327114350
5862080409520795
0833660378500085
7789919599029387
6146640930833397
5308382458844172
2800284440278359
7777119607530651
7373796529374464
9186076680783931
6636371751614312
3854004394342955
1230433358991861
8244055079402116
2515657728339113
5205355303433030
0451310772113076
4923075401220906
6408703508331187
5632988444815474
8414746286323666
4137245769590138
1958865134432296
9457187161206773
0960639462723559
6189339614488552
6881438429457157
3451134794633517
6395095165722635
0475414808099577
0429581079142101
1247314539789937
6774743936781093
9324875656399064
5295563566350138
8880807687863294
9155451674638457
1925460616685386
9220568701203441
1387043320265189
6083484672796020
9225442523045630
7615714763847868
6596668073156617
1124768463691369
0666138903452463
6213575156024605
8618494924305058
0234920940703210
0756222220965101
5921210690058406
7458825786380786
6289602045034353
5321313558714462
2834228503391552
3747106487460025
8312936087083170
6847033932450068
8862660046981466
6813736989856243
1101341437463729
9777665469859989
6527971985661996
3702309361932497
8780105727404133
2337716454002457
7540097027176957
2393241443461961
3782737212818656
5339107806669913
1398089395234237
8322989003609920
6443290239075662
4325138532466897
1495216809511536
0324062698138486
5363817333961301
2228704953914480
7239540997560013
7005067701678789
4560803280050919
1683146516050741
4274127161117543
6643474871838788
2217949943647601
5957462549313265
4668992443195213
1636361552248828
3431777523511296
3845261787594038
7503865274831337
3188784816287487
8198392523716590
4677862183830898
5490031389817518
5121987889047234
5653559772140199
4069096016693580
2539884871275474
8910646026199416
3180050977866785
2834749073743171
4241281227925915
8987314526410127
0020850693692136
8758651495157869
9818422767414120
0159306111276453
5789754362800123
6901877100735642
3998471745530201
5306403222607471
2994935653109104
4729992860551883
5249429182229900
0011700686113389
2438690019095062
2293564491200582
2937260438141198
9243256514162680
3753882111806582
5033189741354139
7892320085096012
5628609385914930
8514450520201861
1932815341782242
5067497340721656
3557992461593136
3509130245153265
2983228894397657
8882421599534233
7234726629069856
0083551905883357
0674791189757357
1034384160736943
8098214758215178
6347400432232688
5115560238680444
5651723181683352
9819015829001124
4732612088540875
8335540533413025
5162384820340060
8240546242840261
4181434763119549
8930167171283194
6539169612758835
1708803444746662
2110127065416697
9869878599960320
7981639123946664
5464920582377989
0398043709289958
8563634195134747
7184150832649950
4070424978875304
5334131860888930
2120060797377218
0561802115181270
7906603173916075
6505881046067958
3324028422133616
0768760617808822
8214476768978726
7486689110603841
9289650617820560
7431635589568808
5082419783043736
8265116967095452
3262036759491294
7567273289451194
4707599213895458
5859772357477134
8577293854899248
9904070947832545
3371681684015977
2456574616146470
7643216999108223
9848311210578810
8444049750045998
7185441234763108
7998391975397420
0962359014791482
5282393049163384
7807968648268753
3088917031121064
7092604290264977
8473729646872830
0741799182274353
4918605781599309
5727694875937216
2484520844365957
4135614758164711
9263324208592908
6337740924268263
6261405530940863
3751378355325825
7433265293932305
5035762125459415
3562003328767132
8409627374473525
6049495492341242
5120193335860628
8366139801463833
1180191347732982
6309436191619392
7558531056409406
1298233639496832
4726822007000628
6971504594383453
9012704117180126
8703740676075525
4099992332439295
2901888624506535
9176230219066879
0573232425474758
6302124349557494
2493393738513929
2611655713418600
6108833643450559
1523666921740772
0281123427918307
5770791208849986
1543451677863790
6765273208435185
2521717225952435
7972537025310236
1025598529469393
8580985583116539
6951686123297861
9964874425732103
9044303269542937
6174825782956064
2755662420057971
5937912638355332
9973021912226739
1146514655934224
8188353615194095
8314891642965637
9443157788202585
6133209286983307
