9808310940421979
1349156075777095
6016565950437007
5106302431642025
8478305453281130
6122155083160820
0061488493893247
4055079165002493
1140012060761818
3858924778362309
2363460036599181
6883421018811339
9965398009651936
3089568911577519
6886514520601172
8889388173781632
1310310705488241
6581499944728910
0165435409542220
5154949759339458
4404511957654050
5817829882396943
1642083834158700
3832045632369639
3732563704810366
1690570104837528
6808752952332925
9393213180145144
4139948635593421
8194104388434526
5459510407019521
6453091384982419
6715092420026095
9682825029495702
3374954104030940
6853382226977684
0231239253253477
2380268778692743
1798884495942862
8918198224706238
1194178136211401
4318353199461089
2604391010090933
1722873559734250
