0.0 0.3448275862068966 0.017241379310344827 0.6379310344827587 0.0 0.0 0.0 0.0 0.0 0.0 0.0 0.0 
0.2702702702702703 0.0 0.05405405405405406 0.0 0.6081081081081081 0.013513513513513514 0.0 0.0 0.05405405405405406 0.0 0.0 0.0 
0.125 0.5 0.0 0.125 0.25 0.0 0.0 0.0 0.0 0.0 0.0 0.0 
0.6851851851851852 0.0 0.018518518518518517 0.0 0.0 0.037037037037037035 0.14814814814814814 0.1111111111111111 0.0 0.0 0.0 0.0 
0.0 0.9 0.04 0.0 0.0 0.02 0.04 0.0 0.0 0.0 0.0 0.0 
0.0 0.25 0.0 0.5 0.25 0.0 0.0 0.0 0.0 0.0 0.0 0.0 
0.0 0.0 0.0 0.8 0.2 0.0 0.0 0.0 0.0 0.0 0.0 0.0 
0.0 0.0 0.0 1.0 0.0 0.0 0.0 0.0 0.0 0.0 0.0 0.0 
0.0 1.0 0.0 0.0 0.0 0.0 0.0 0.0 0.0 0.0 0.0 0.0 
0.0 0.0 0.0 0.0 0.0 0.0 0.0 0.0 0.0 0.0 0.0 1.0 
0.0 0.0 0.0 0.0 0.0 0.0 0.0 0.0 0.0 0.0 0.0 1.0 
0.0 0.0 0.0 0.0 0.0 0.0 0.0 0.0 0.0 0.6666666666666666 0.3333333333333333 0.0 
