3952202974431360
1642083834158700
0451310772113076
0466799995060671
2202100561413773
5334131860888930
8780105727404133
6853382226977684
4581537476491370
0035685068777352
6347400432232688
6508095136607048
5823693783449791
9395881112357637
9965398009651936
7838446217897233
7000508951288786
7179720346302573
6165304398755510
7558531056409406
1481276383743867
0403363004900374
6309436191619392
4558270749970982
5859772357477134
9746253467394955
2914643532111011
2795152154659933
1101341437463729
5189180737206232
