2611655713418600
8930167171283194
5339107806669913
4803594791585565
4816515866712611
8987314526410127
7789919599029387
7572795941731427
8456614622284819
7166279400544764
3013921866070769
2463424367832163
5614296363281466
5100882902316977
9320368429325482
3262036759491294
4654251951434427
9220568701203441
4099992332439295
3694625045276063
1925460616685386
5318861326059698
3819068946086008
0349581457615451
6174825782956064
9108383397996236
8414746286323666
0159306111276453
1945447546918726
5862080409520795
1543451677863790
5205355303433030
9380708907565481
6261405530940863
1247314539789937
9214879534215945
7740838143777714
0570082225127827
5363817333961301
2196414241004695
9869878599960320
7531478549178568
1310330487165505
6274999242866961
3998471745530201
0591884939501206
9457187161206773
6971504594383453
7121931064469117
0067281135180613
6812635845529585
0768760617808822
3509130245153265
8851883472629670
3845261787594038
6049495492341242
4274127161117543
5957462549313265
2917024636534345
6083484672796020
