0.0 0.0 0.0 0.25 0.0 0.0 0.25 0.0 0.0 0.0 0.5 0.0 0.0 
0.0 0.0 0.027777777777777776 0.0 0.0 0.0 0.0 0.9444444444444444 0.0 0.027777777777777776 0.0 0.0 0.0 
0.0 0.5 0.0 0.0 0.0 0.0 0.0 0.5 0.0 0.0 0.0 0.0 0.0 
1.0 0.0 0.0 0.0 0.0 0.0 0.0 0.0 0.0 0.0 0.0 0.0 0.0 
0.0 0.0 0.0 0.0 0.0 0.0 0.0 0.0 0.0 1.0 0.0 0.0 0.0 
0.0 0.0 0.0 0.0 0.0 0.0 0.0 0.0 0.0 0.0 0.0 0.0 0.0 
0.07142857142857142 0.0 0.0 0.0 0.0 0.0 0.0 0.0 0.0 0.0 0.0 0.0 0.9285714285714286 
0.0 0.9444444444444444 0.027777777777777776 0.0 0.0 0.0 0.0 0.0 0.0 0.027777777777777776 0.0 0.0 0.0 
0.0 0.0 0.0 0.0 0.0 0.0 0.0 0.0 0.0 0.2222222222222222 0.0 0.0 0.7777777777777778 
0.0 0.1 0.0 0.0 0.4 0.0 0.0 0.1 0.4 0.0 0.0 0.0 0.0 
1.0 0.0 0.0 0.0 0.0 0.0 0.0 0.0 0.0 0.0 0.0 0.0 0.0 
0.0 0.0 0.0 0.0 0.0 0.0 0.0 0.0 0.0 0.0 0.0 0.0 0.0 
0.0 0.0 0.0 0.0 0.0 0.0 0.65 0.0 0.35 0.0 0.0 0.0 0.0 
