4510097981881186
2901888624506535
3107924103069456
2110127065416697
3752267717128879
8248342079629374
1565181845151740
7672532294117671
3876752605313288
6327703613785635
6641904883344974
3952202974431360
0217015026515658
3703432311039072
9246377287833779
6502894549362355
2892051287737605
9853846239899889
1613425384707591
3852336945545624
2202100561413773
5823693783449791
7499608419617667
8204198304175392
2794888963106382
0608337674042057
2032232442751339
5657175098146347
6508095136607048
5827627505892127
5859772357477134
0484982277336205
2797502202617114
9198029814908910
7179720346302573
3439967351789116
4420879609589760
8060514879935984
1644271814596941
1958690595894594
4976970583090892
1381105054474728
6473704085924001
3431777523511296
6760789832926234
9780352439410885
9760251819560805
7358400300119243
9965398009651936
2629288574518166
3550721236149400
1582551703060830
8115160528911145
7349950103979107
0404701804598725
3494982072959140
5189180737206232
6033516785481779
5509861514896982
8573195327542061
2706768463638642
2387431254472136
1048504721932307
2795152154659933
5322192969141529
5683293733841374
2401618350456850
6438374644753396
2453642679238975
7214193952056222
7732407650135099
8194599016161354
3177068002947527
6158036609486608
1789196918994788
9162508978945887
4581537476491370
0979647639632335
7437976888724293
0216519915668667
5221863351791074
2195348221754328
9125203013352543
3672547273353904
8156661128066350
6130644232718610
2576126968955595
7031503842377495
6713526551328329
4739118307577897
9753423351398790
7161618122556467
6165304398755510
8102755896732025
3980645829400310
8363293767542766
3187273888989883
6823581294382553
7536181384159078
7000508951288786
9594276512512509
1481276383743867
0514228518147484
3376868479470271
4930318504809792
9906430445327093
3425817209646054
8586494807446726
9305671671519068
6102536293896338
5996181459466951
0326321170602739
4999713109630711
1539031724189300
6457381398342917
4717710808881152
9164877739376535
0035685068777352
9669639868938103
5333250355049814
2716909012512069
8295131406039324
1077970476661700
8647922327100953
1179525448575089
8843357145282291
4634684070861632
4801448860704123
4910241356954777
2734203117778600
0429581079142101
9893849875376569
7507841142527331
5760506292076803
0466799995060671
3270622505035479
2423245969935715
9746253467394955
2086547470164107
8231471391500358
8173378726733122
1563166503956631
7868828064676031
4358350479981228
7881987532843700
4216801992845696
1642083834158700
6216090203279250
7343119567692694
0212227705231604
6022618136354160
1805307635564032
7659443408776211
7386244848291169
9396403739008267
3526964931609975
4881985346615116
2406867656111498
7366807766543442
3880951923962038
6075775977581420
1397190485811267
5339226046436113
7979063304544915
4636299625291840
2835029061696580
0371096131093979
7947299462681693
5074821829802763
3129798508009056
7694622713378423
6900483130650896
7615714763847868
6494692158787277
0644505365952110
0309157540839329
8043286825467803
3423593927375231
5342547359165212
5918350258599906
3194932402580523
2629053238114080
3009090682425019
3049512216393338
9113060409301609
7961149719224268
5190074256754373
5649236321441309
3361913845637197
1084236115369797
5169162865311459
1405100203133067
8571685859057147
6666089513761587
2604084987168049
0957444591428758
4295728174569492
2381802193180578
0942014519604427
7169868426858404
6950878421414731
2711675707331844
4854372533657671
7760594994793832
5957012058055684
0750182055256569
1219153096910234
4384755600168465
8780105727404133
7480418100713613
6298207659237978
7633115237379209
4974461002008809
2598314759854581
7801833255752802
6156657605262618
7838446217897233
8325040967962135
0824886862509279
0874491319279428
5853524866939773
7828878624890195
3601442415054973
4378380240678518
4813544310376058
8834087197893542
0918230852307211
9208665857677299
2150105542661226
9097210770224776
0069697138404546
6660895050954179
5291309702230117
2914643532111011
0451310772113076
9811352883792475
6637306027529983
1371577276483858
0108190685018320
6338258664965964
1043173427712145
9768360230719166
1070394303501538
8901621736756410
7558531056409406
9270089300834737
2883331787707769
6419220260106427
6223423587997333
3824281910310349
1309373274619373
9957455292822908
0392355990101557
0602658985169124
7108816464261099
7351868831731827
4612673413387449
6341248082936350
3076174661624449
2121686219033754
1314901111475602
6853382226977684
1690166486230851
5793361822780920
0569365150164629
6508618435773438
1101341437463729
6763134273157735
6640232793768858
5421965627684351
3010882026747644
4256849386217726
7267507565320007
0957665422453699
3413259037836385
4161224121702430
4062180652159320
2486121889068339
0426390460269258
3638025215373426
7119339879822656
6309436191619392
5980358582447488
4558270749970982
9073167385611319
3733816648743900
1345951126343014
5334131860888930
0403363004900374
8873149632621307
7611559630126226
5041577291358551
1708048694986295
2268580664900763
5045106337913025
1947326193452969
9545899186934466
5161660188380421
1765134242325847
9913529831985105
2560106052820991
5777699053894782
4200349501324526
2085810642676618
3975007108450559
7997085805584388
9806548647159907
8038166896879447
6555493393643522
0843974355606163
7767720735788659
3293301695475210
1203357643381228
0598463721997774
0448980118528732
9904070947832545
3911300468731477
0333646264188181
2842691977953578
6985613045320268
6393020822260368
5395774975535644
6082204595710795
3189016459956475
0785743182319556
1480021215034290
1239408708471660
9129345549112508
6518682172094498
5205000061462210
7520248542757602
7892320085096012
2428823231702842
6269535109558013
8432283152738712
5389456670682050
0859504844227534
0259864383936387
4701106739838171
0332057573470620
2444930519599617
4254898091542687
4164041157405626
2237202147786441
6853427939982300
3177694073540758
4605895860650284
6347400432232688
3558179023833292
2924563027966834
9395881112357637
5382295294866944
9987263697355294
2229943659950616
6665155835167558
4101562077663619
7043118782881855
7235424140939267
5029704662813380
2990561169032274
