5755346260402122
7892320085096012
6653223814715498
2337716454002457
9395881112357637
1332423874353554
8582867831317500
4313455598047828
3747106487460025
3084890968061662
0020850693692136
7821878835036266
7540097027176957
7279063146008344
4695094803653501
2228704953914480
5689902631903063
2827325360244042
6702867386211399
0046116620157887
0640997586726641
2795152154659933
0561802115181270
4344589799192534
0035685068777352
5464920582377989
8580985583116539
2287316756049448
4707599213895458
8703740676075525
4150874218905523
0034030372199818
3924543853455389
7903615974752427
0666138903452463
8713770387750524
9263797728130316
8286075130503114
6395095165722635
3998878800345082
2614578988328870
0246431626397845
8880807687863294
0466799995060671
3557992461593136
5490031389817518
6347400432232688
9806548647159907
4668992443195213
4181434763119549
0833660378500085
6593952657486300
9280378827093930
2797840629976507
5852409796882171
1554722460388346
4581537476491370
5839043594908917
2438690019095062
6675251190520162
6309436191619392
9599066478340811
7416526225245942
9904070947832545
5605590098640584
7000508951288786
8473729646872830
3749421379531019
9803419937796467
7877747460307517
4070424978875304
0309157540839329
7179720346302573
0234920940703210
0674791189757357
5619667787620752
4446027976620960
7904227795652627
1573586928647131
0717367953543712
6415341988938115
7998391975397420
7503865274831337
9752753965948564
0651805946054722
5321313558714462
4144630572229618
5437247883737950
2914643532111011
9418311799417480
5820386011354891
8198392523716590
6853382226977684
3876752605313288
6146640930833397
9399008340634804
0694401174796400
9735880571976278
3027347445652264
1481276383743867
7960881781532698
9819015829001124
1180191347732982
8862660046981466
7671363578256554
4361220072322558
3562003328767132
7079384041018545
9746253467394955
3188784816287487
4560803280050919
5425237044575885
9668050791898462
8910557213253128
4558270749970982
3672437413599685
7643216999108223
2734203117778600
2669979608734253
8780105727404133
2019448857205643
4186935560124866
5968244801228229
3952202974431360
1264392056208305
5282393049163384
9454054374479016
6508095136607048
1560343364131169
9801659268600510
2202100561413773
0403363004900374
1025598529469393
7838446217897233
1312419546878025
2473003981743849
6684755558240337
5215683584958094
5171007732651311
3123518117881050
5235773649631919
9243256514162680
4326109448379822
4726822007000628
0451310772113076
5482561647049500
6539169612758835
8928414093493138
9818422767414120
5040658517432017
8139095662827864
8023294344647435
9965398009651936
2484520844365957
5859772357477134
1387043320265189
5012692005739995
6438374644753396
8976306450816308
5823693783449791
0963588859777460
5033189741354139
9460305407798910
5236758856687873
3782737212818656
1038437165007849
5802743461244907
3505584601106640
7558531056409406
9196386299886990
7615714763847868
7151015540719918
9700001213434251
5189180737206232
1635688279204731
7079202837435379
4325138532466897
1200849593735259
8869594875872295
7445031966618983
9906430445327093
2835864951583089
5334131860888930
3371681684015977
2539884871275474
1249592966115552
3097987679294992
0011700686113389
2110127065416697
9848311210578810
2456574616146470
5696172216123869
1397190485811267
9155451674638457
3478230611350302
1101341437463729
4135614758164711
1322867469168117
2937260438141198
6455337728419622
5727694875937216
5937912638355332
2609654784637427
5221863351791074
