0.0 0.0 0.0 0.0 0.0 0.0 0.0 0.0 0.0 0.0 0.0 0.0 
0.0 0.0 0.0 0.0 0.0 0.0 0.0 0.0 0.0 0.0 0.0 0.0 
0.0 0.0 0.0 1.0 0.0 0.0 0.0 0.0 0.0 0.0 0.0 0.0 
0.0 0.0 1.0 0.0 0.0 0.0 0.0 0.0 0.0 0.0 0.0 0.0 
0.0 0.0 0.0 0.0 0.0 0.0 0.0 0.0 0.0 1.0 0.0 0.0 
0.0 0.0 0.0 0.0 0.0 0.0 0.30434782608695654 0.2826086956521739 0.41304347826086957 0.0 0.0 0.0 
0.0 0.0 0.0 0.0 0.0 0.7777777777777778 0.0 0.2222222222222222 0.0 0.0 0.0 0.0 
0.0 0.0 0.0 0.0 0.0 0.43333333333333335 0.13333333333333333 0.0 0.43333333333333335 0.0 0.0 0.0 
0.0 0.0 0.0 0.0 0.0 0.59375 0.0 0.40625 0.0 0.0 0.0 0.0 
0.0 0.0 0.0 0.0 1.0 0.0 0.0 0.0 0.0 0.0 0.0 0.0 
0.0 0.0 0.0 0.0 0.0 0.0 0.0 0.0 0.0 0.0 0.0 0.0 
0.0 0.0 0.0 0.0 0.0 0.0 0.0 0.0 0.0 0.0 0.0 0.0 
