5389111536752338
4667346163674953
9115204277528111
2254641535198638
0375563373339784
0210408717675071
8948213264177426
7247553962111836
9770724882556145
9292780740707736
1781635598727043
6785547194105600
5301042982020325
8102432275033798
6708056301149624
6244647057170283
3077039348737036
5767190094405492
3043621278852069
7320009315739681
2274341912322987
5931342010737221
7112745645895347
7526386741546703
0525024654365227
8550035837459093
2331088061589222
6463750480585203
5871402136758674
7301980773116724
6008854659083266
5937912638355332
8549722587948451
3981170373092562
9059399646890977
7535636807201892
5681843757130873
4896765034122506
5011799712435927
7821878835036266
0516941410000104
7184304257739011
9780737452746645
6256861296723566
9302802998462635
0300528206154701
5749555981357928
5359935077469239
9400668356468845
1950470674042645
2932271315489352
3683235983896656
7663002841467808
3371393957860473
1652650180306511
9191548792443062
1011936727324620
8602254449143554
2088688399614477
3267862705740438
7752039044261325
0150653039187286
9161963826808935
0851713264326392
7079680723888278
4025302283674525
8037210035486834
3469752290808469
0095925354378408
3985311648875206
3569531507114017
9901986504616851
4238829381165820
7662796111326087
1119793070691509
6811966200287002
6644827241366135
4098303307776665
9151694095734719
1802668440782138
3829032856704861
1740251505489830
7791613533109498
4315802970239162
0835964436492083
6657982919353726
2140782785874021
9844635963154850
6853427939982300
0957061087297140
3999930062282877
8051570499204277
2292601099552512
5715057849857173
6983307192001614
4479225663957889
1240227827563843
0875527722518904
9233143651147638
3242250540541623
4233219955706842
0243222446961278
7927416076958362
7188970415617628
3094614769262212
2363908938796685
9579012777524342
7513476405206824
6051119709973075
1452143470443376
6938316407040676
5465037152716648
7152942654741520
5596069780034749
8496716957724133
0504152872750536
2404069734154065
4937965723746020
9968588190971037
1866860657656686
9893672119587472
5461518414512641
4044332658989430
7243632356097506
8782039401544878
7941454704661376
6028339561719051
0654750186618555
6256541728060383
7240386704593891
9050683558389803
9760822468503576
1448223845901360
2486121889068339
8047516547443011
6417216091455652
5762476423634852
3035239880714524
4908045776059662
5532047404159742
0317437103367834
1427609752241442
1959557670325055
0857845906838285
4559505598689709
9986060121023733
2021264878089025
8215976645016606
1422532929767139
9948850310531923
1321327321229802
6770097931033324
1560584778970313
1444068259043077
1644931272174401
4193936925916614
3830097015558224
3707129133058737
2333250810802908
4999509031047259
1772617542712581
3654522236249726
4482175736711280
7904227795652627
4750407206659654
2976613011582984
5488747859528789
8085880003164254
6928928809254617
2301228789810942
1726515355080815
7290132565016810
4320263713790319
1123598835707364
3500088234156539
8210703767058338
5109370460506400
4585272413204502
4002033080997386
5875931433861627
6314084638411003
2364466659029332
2697220528113479
6926651124954505
4198814149144165
7037382180306060
6318242014807642
4507592951614239
2959882979040420
5205000061462210
3470956513642748
6583502089707691
0686934471469650
8031266925341697
9460656308617535
4920024724994011
3801575713681461
2609654784637427
8749324952598568
6696601647459478
5968112709334383
8463237728503334
9226217407880831
5673026864716586
2215905569987646
5341090267791789
6782484032120407
9833768521859653
5218561645780587
0440504264473579
3325984959083987
6741174401222919
1391333777911665
0674791189757357
0212227705231604
2063054289088436
6365162284093379
1556212274375574
3943150608263691
8307342410082754
5126531562269526
4509001602690068
6038840762351737
3958908995389201
3870300970951275
5946842583369390
3845636053338133
1001622880604244
9980188384470104
2021830350525161
0433550019511218
2587376461584631
7233840323140770
2192832274467029
4703015447173949
0188323313464824
7497594044598865
2401818255539744
5695765964113056
5643235533402395
3744912186894176
9901154204820353
3700372259193104
8934263630465920
6967348968095705
0263742679377591
9141183712573846
2831812337473114
9621221741877717
6416497515150655
9720676265334015
8611170497897011
6459107436866263
4569228363929202
3666727424219511
0648137436207537
6793251656957803
6977355824972138
4131978555474560
9287776078149551
2893593431439878
6025732517202585
2408040439960461
8057852269984997
5379210277011704
3353555630220552
1644854912506311
2019448857205643
5395774975535644
6196081550581346
1369081654463776
6642002445572793
8252593637622853
4061301060228632
3424068768496616
