2740598136336384
1765134242325847
3980645829400310
2883331787707769
7214193952056222
1219153096910234
0134920183729382
4216801992845696
4378380240678518
2453642679238975
9198029814908910
9853846239899889
9129345549112508
9125203013352543
3376868479470271
2237202147786441
0259864383936387
4854372533657671
2706768463638642
2085810642676618
9164877739376535
1084236115369797
2032232442751339
5657175098146347
7031503842377495
4605895860650284
1345951126343014
4358350479981228
5760506292076803
4256849386217726
3752267717128879
5041577291358551
2560106052820991
4739118307577897
0069697138404546
9811352883792475
8363293767542766
3187273888989883
4164041157405626
8194599016161354
1070394303501538
3293301695475210
6075775977581420
2892051287737605
1708048694986295
2604084987168049
5853524866939773
0843974355606163
3194932402580523
6082204595710795
8571685859057147
3189016459956475
7169868426858404
5205000061462210
0426390460269258
4295728174569492
2924563027966834
0404701804598725
0824886862509279
2576126968955595
0484982277336205
9594276512512509
0750182055256569
6985613045320268
3703432311039072
4976970583090892
3824281910310349
9545899186934466
6555493393643522
7235424140939267
1312049227898761
1077970476661700
6216090203279250
7108816464261099
2598314759854581
2629288574518166
6502894549362355
3558179023833292
5793361822780920
9097210770224776
8901621736756410
6950878421414731
4930318504809792
3880951923962038
9073167385611319
7672532294117671
8204198304175392
6763134273157735
4636299625291840
1043173427712145
1582551703060830
0644505365952110
7536181384159078
3852336945545624
2428823231702842
9893849875376569
0785743182319556
8325040967962135
0957444591428758
1565181845151740
6473704085924001
4801448860704123
7161618122556467
7386244848291169
8295131406039324
6494692158787277
3550721236149400
2229943659950616
7351868831731827
2110127065416697
0569365150164629
0212227705231604
0217015026515658
9957455292822908
3270622505035479
6518682172094498
8073303573679522
8432283152738712
4023778019418442
2086547470164107
4717710808881152
0333646264188181
5045106337913025
3601442415054973
6022618136354160
1480021215034290
6660895050954179
6130644232718610
6341248082936350
6393020822260368
9768360230719166
4002033080997386
3010882026747644
0371096131093979
2629053238114080
1563166503956631
